Mean: 501.944
Median: 501.0
Mode: 120.0
Variance: 83164.06686399998
Standard Deviation: 288.38180744284125
Time Elapsed: 0.00 seconds
